1 0.1453125 0.7484375 0.0078125 0.0234375
1 0.1765625 0.74609375 0.00859375 0.02734375
1 0.21171875 0.73984375 0.00859375 0.02109375
1 0.24921875 0.73984375 0.00625 0.01953125
1 0.2640625 0.7421875 0.0078125 0.0234375
1 0.2921875 0.73359375 0.00703125 0.01953125
1 0.33984375 0.7421875 0.0078125 0.02109375
1 0.365625 0.72890625 0.00703125 0.02109375
1 0.39453125 0.725 0.00703125 0.0234375
1 0.44453125 0.725 0.00703125 0.02109375
1 0.4359375 0.71640625 0.00625 0.0234375
1 0.48828125 0.7125 0.00703125 0.01953125
1 0.503125 0.7140625 0.0078125 0.02734375
1 0.54609375 0.7140625 0.00859375 0.02734375
1 0.5421875 0.70546875 0.00703125 0.0234375
1 0.56953125 0.71015625 0.00859375 0.02734375
1 0.59296875 0.7203125 0.0078125 0.0234375
1 0.603125 0.73359375 0.0078125 0.02109375
1 0.6328125 0.71015625 0.00859375 0.02109375
1 0.646875 0.71015625 0.00703125 0.0234375
1 0.6703125 0.70546875 0.009375 0.02734375
1 0.7140625 0.7125 0.0109375 0.0359375
1 0.7265625 0.69296875 0.0109375 0.0296875
1 0.75 0.684375 0.0109375 0.03203125
1 0.78046875 0.690625 0.009375 0.02578125