1 0.79765625 0.2453125 0.0296875 0.06796875
1 0.9375 0.60625 0.0296875 0.05859375
1 0.9953125 0.553125 0.009375 0.03671875
1 0.740625 0.6 0.0296875 0.06484375
1 0.7625 0.575 0.01875 0.03359375
1 0.77734375 0.5546875 0.0171875 0.03671875
1 0.7703125 0.521875 0.0140625 0.028125
1 0.70625 0.5703125 0.015625 0.0515625
1 0.72265625 0.5453125 0.0125 0.028125
1 0.64765625 0.58515625 0.03125 0.0703125
1 0.61015625 0.53828125 0.01640625 0.03828125
1 0.65625 0.53515625 0.0203125 0.04296875
1 0.5875 0.653125 0.03203125 0.06796875
1 0.56640625 0.6015625 0.025 0.04375
1 0.5390625 0.6234375 0.028125 0.05859375
1 0.5234375 0.56796875 0.0265625 0.0484375
1 0.5078125 0.5953125 0.02421875 0.0546875
1 0.5359375 0.55 0.021875 0.04296875
1 0.5578125 0.56796875 0.01875 0.03828125
1 0.46875 0.53125 0.015625 0.03515625
1 0.48125 0.646875 0.03828125 0.071875
1 0.44375 0.5703125 0.02265625 0.0484375
1 0.4734375 0.55625 0.021875 0.053125
1 0.37578125 0.5265625 0.0203125 0.03203125
1 0.3953125 0.58203125 0.0203125 0.04140625
1 0.421875 0.65625 0.0296875 0.06796875
1 0.38359375 0.628125 0.0265625 0.05703125
1 0.35078125 0.61015625 0.0296875 0.06328125
1 0.33203125 0.66796875 0.03125 0.0703125
1 0.3140625 0.61484375 0.0296875 0.06640625
1 0.2671875 0.628125 0.02734375 0.05703125
1 0.2859375 0.51484375 0.01875 0.03828125
1 0.3375 0.59140625 0.0265625 0.06171875
1 0.1859375 0.53359375 0.01875 0.03828125
1 0.209375 0.553125 0.025 0.0453125
1 0.25859375 0.58125 0.02734375 0.05703125
1 0.21875 0.51796875 0.0140625 0.03515625
1 0.1625 0.5296875 0.015625 0.03984375
1 0.13671875 0.5546875 0.028125 0.06015625
1 0.178125 0.61796875 0.0234375 0.06796875
1 0.21796875 0.61640625 0.03125 0.06484375
1 0.23515625 0.68125 0.03515625 0.08828125
1 0.11875 0.671875 0.03828125 0.06015625
1 0.034375 0.64140625 0.040625 0.08828125
1 0.07734375 0.603125 0.034375 0.06015625
1 0.00859375 0.546875 0.01484375 0.03828125
1 0.09375 0.546875 0.0234375 0.05859375
1 0.11015625 0.58828125 0.02265625 0.05859375