1 0.021875 0.43515625 0.04296875 0.084375
1 0.06171875 0.4203125 0.04375 0.08828125
1 0.0609375 0.36875 0.0421875 0.0796875
1 0.0875 0.4 0.0296875 0.046875
1 0.11875 0.38125 0.034375 0.05234375
1 0.1546875 0.38828125 0.03046875 0.04921875
1 0.1984375 0.38671875 0.0390625 0.07265625
1 0.38671875 0.23203125 0.07421875 0.134375
1 0.734375 0.428125 0.02421875 0.03671875
1 0.825 0.46640625 0.01953125 0.03515625
1 0.859375 0.4515625 0.01953125 0.02890625
1 0.9 0.42734375 0.02421875 0.03671875
1 0.86875 0.4453125 0.0109375 0.021875
1 0.65234375 0.10390625 0.0140625 0.02734375
1 0.803125 0.14609375 0.0109375 0.01953125