1 0.08671875 0.1640625 0.0109375 0.01328125
1 0.39140625 0.215625 0.01953125 0.00703125
1 0.7828125 0.16640625 0.01875 0.01640625
1 0.1234375 0.37578125 0.01953125 0.0171875
1 0.44609375 0.3765625 0.0171875 0.0171875
1 0.78046875 0.37890625 0.0109375 0.015625
1 0.0671875 0.65078125 0.02265625 0.00625
1 0.46171875 0.62890625 0.0203125 0.00859375
1 0.7453125 0.584375 0.0125 0.01484375
1 0.1390625 0.80078125 0.0140625 0.01484375
1 0.51171875 0.79921875 0.01484375 0.01640625
1 0.7453125 0.85078125 0.01875 0.00390625