1 0.0265625 0.3859375 0.009375 0.0328125
1 0.07109375 0.37109375 0.02421875 0.0328125
1 0.1375 0.384375 0.0265625 0.0296875
1 0.18828125 0.37109375 0.03046875 0.04296875
1 0.25703125 0.365625 0.0203125 0.0296875
1 0.3078125 0.3765625 0.02265625 0.03828125
1 0.26484375 0.33515625 0.01875 0.0265625
1 0.2890625 0.34375 0.0203125 0.02421875
1 0.3375 0.40859375 0.03046875 0.0453125
1 0.3546875 0.32578125 0.0234375 0.03515625
1 0.32734375 0.3390625 0.01953125 0.02890625
1 0.34453125 0.27421875 0.021875 0.02421875
1 0.4546875 0.1546875 0.053125 0.09140625
1 0.5515625 0.259375 0.0171875 0.02890625
1 0.5953125 0.3328125 0.0234375 0.0328125
1 0.66015625 0.3234375 0.02265625 0.0359375
1 0.6921875 0.3234375 0.0296875 0.0453125
1 0.621875 0.3796875 0.0375 0.0578125
1 0.7015625 0.375 0.034375 0.04921875
1 0.759375 0.384375 0.0390625 0.05546875
1 0.7609375 0.321875 0.03203125 0.04296875
1 0.78828125 0.37734375 0.028125 0.053125
1 0.88203125 0.36328125 0.040625 0.06015625
1 0.87890625 0.30859375 0.0359375 0.04453125