1 0.06875 0.125 0.05625 0.09921875
1 0.19140625 0.18515625 0.05859375 0.1046875
1 0.275 0.19375 0.075 0.153125
1 0.3984375 0.109375 0.0546875 0.1015625
1 0.42890625 0.26640625 0.0640625 0.14140625
1 0.5421875 0.22578125 0.071875 0.15546875
1 0.48125 0.13671875 0.01953125 0.04765625
1 0.5234375 0.0796875 0.0109375 0.025
1 0.56875 0.07890625 0.015625 0.03515625
1 0.62578125 0.05703125 0.0234375 0.04375
1 0.7109375 0.24140625 0.08984375 0.16875
1 0.034375 0.61015625 0.00859375 0.0421875
1 0.08203125 0.60859375 0.0234375 0.0421875