1 0.2765625 0.1203125 0.04375 0.0875
1 0.02734375 0.75234375 0.028125 0.05390625
1 0.0765625 0.7203125 0.03203125 0.06328125
1 0.134375 0.765625 0.0265625 0.0484375
1 0.13984375 0.7484375 0.01953125 0.0421875
1 0.203125 0.72734375 0.01875 0.03515625
1 0.53046875 0.54921875 0.01171875 0.025
1 0.571875 0.5578125 0.0140625 0.028125
1 0.52265625 0.73046875 0.021875 0.0421875
1 0.53984375 0.71171875 0.021875 0.0453125
1 0.54296875 0.73828125 0.028125 0.06328125
1 0.59453125 0.71328125 0.0359375 0.071875
1 0.7015625 0.70703125 0.0265625 0.05546875
1 0.7734375 0.73046875 0.025 0.05390625