1 0.28203125 0.22890625 0.0359375 0.06875
1 0.3671875 0.234375 0.03984375 0.06875
1 0.29375 0.3578125 0.046875 0.0765625
1 0.29609375 0.4703125 0.0453125 0.08203125
1 0.40625 0.4671875 0.0390625 0.0609375
1 0.53046875 0.55078125 0.04296875 0.0765625
1 0.6 0.55625 0.040625 0.0703125
1 0.478125 0.17421875 0.03828125 0.06640625
1 0.54296875 0.2125 0.03828125 0.06875
1 0.6015625 0.18125 0.0359375 0.0640625
1 0.6984375 0.46640625 0.0359375 0.0625
1 0.771875 0.44140625 0.034375 0.06015625
1 0.84453125 0.453125 0.03828125 0.06640625
1 0.7265625 0.63828125 0.05 0.0953125
1 0.6859375 0.1796875 0.034375 0.0625
1 0.7953125 0.20859375 0.034375 0.06484375
1 0.03515625 0.26796875 0.00703125 0.01328125