1 0.06328125 0.08984375 0.025 0.0359375
1 0.109375 0.11484375 0.02734375 0.0296875
1 0.2328125 0.1625 0.028125 0.0390625
1 0.24140625 0.10625 0.02734375 0.0390625
1 0.32734375 0.13515625 0.03828125 0.04609375
1 0.3859375 0.1609375 0.03984375 0.046875
1 0.67265625 0.0453125 0.040625 0.0546875
1 0.74140625 0.08828125 0.03984375 0.06015625
1 0.75390625 0.4375 0.03203125 0.04375
1 0.803125 0.40859375 0.040625 0.05
1 0.22265625 0.78984375 0.0171875 0.021875
1 0.34765625 0.784375 0.015625 0.0234375
1 0.640625 0.8390625 0.04375 0.05390625