1 0.43828125 0.16328125 0.11328125 0.1515625
1 0.9390625 0.41484375 0.08984375 0.0671875
1 0.89375 0.275 0.0609375 0.065625
1 0.9859375 0.28203125 0.0265625 0.03203125
1 0.83125 0.33984375 0.01953125 0.0234375
1 0.80390625 0.2984375 0.0265625 0.02890625
1 0.86796875 0.31171875 0.0234375 0.0359375
1 0.75078125 0.31328125 0.02265625 0.0265625
1 0.70703125 0.3734375 0.01875 0.02265625
1 0.6921875 0.325 0.021875 0.02734375
1 0.67578125 0.303125 0.021875 0.0234375
1 0.72734375 0.31953125 0.01640625 0.0203125
1 0.7078125 0.3171875 0.0171875 0.02265625
1 0.8234375 0.29296875 0.0171875 0.02265625