1 0.05390625 0.8359375 0.021875 0.06640625
1 0.315625 0.74609375 0.01953125 0.06171875
1 0.3234375 0.940625 0.0171875 0.06640625
1 0.37890625 0.85078125 0.0171875 0.046875
1 0.26484375 0.8765625 0.0125 0.05546875
1 0.3484375 0.21328125 0.00859375 0.03203125
1 0.390625 0.20703125 0.0078125 0.02109375
1 0.4125 0.20859375 0.0078125 0.02734375
1 0.41875 0.2921875 0.009375 0.0359375
1 0.471875 0.37109375 0.0109375 0.02734375
1 0.50859375 0.21953125 0.0109375 0.0296875
1 0.53046875 0.2921875 0.0125 0.03828125
1 0.56640625 0.38984375 0.0125 0.04453125
1 0.32890625 0.421875 0.0125 0.03828125
1 0.2953125 0.4609375 0.01484375 0.04453125
1 0.2625 0.4453125 0.0078125 0.03203125
1 0.475 0.665625 0.01875 0.0578125
1 0.515625 0.65859375 0.0171875 0.05546875
1 0.6671875 0.2390625 0.00859375 0.034375
1 0.6140625 0.3625 0.009375 0.0359375
1 0.7453125 0.3921875 0.0109375 0.0359375
1 0.775 0.2921875 0.009375 0.03203125
1 0.91015625 0.13671875 0.0125 0.034375
1 0.940625 0.1234375 0.0109375 0.040625
1 0.8625 0.5734375 0.01484375 0.04296875
1 0.95 0.83828125 0.0203125 0.0640625
1 0.81171875 0.7375 0.01484375 0.0578125
1 0.65546875 0.76796875 0.01875 0.06171875
1 0.71171875 0.4796875 0.0109375 0.04296875
1 0.9578125 0.4203125 0.0078125 0.02734375
1 0.9921875 0.7421875 0.015625 0.053125
1 0.034375 0.3734375 0.0140625 0.04453125
1 0.06171875 0.3328125 0.0125 0.0359375
1 0.0859375 0.30078125 0.015625 0.034375
1 0.1984375 0.2046875 0.0078125 0.03203125
1 0.16875 0.3984375 0.0125 0.0359375
1 0.103125 0.54375 0.0125 0.046875
1 0.053125 0.665625 0.0140625 0.040625
1 0.6015625 0.78046875 0.009375 0.04453125
1 0.78828125 0.38359375 0.0109375 0.034375
1 0.31640625 0.20234375 0.00625 0.0296875
1 0.5390625 0.24296875 0.00703125 0.02734375
1 0.84375 0.2171875 0.00859375 0.0296875
1 0.821875 0.4671875 0.0125 0.0359375
1 0.8375 0.44765625 0.00859375 0.034375
1 0.7171875 0.2625 0.01484375 0.0296875
1 0.6390625 0.2578125 0.0125 0.02734375
1 0.63984375 0.303125 0.01171875 0.034375
1 0.296875 0.80390625 0.0203125 0.03828125