1 0.0265625 0.471875 0.046875 0.1125
1 0.0109375 0.609375 0.01953125 0.1125
1 0.078125 0.62421875 0.0578125 0.13203125
1 0.1734375 0.6328125 0.0515625 0.10859375
1 0.21875 0.69296875 0.05859375 0.13515625
1 0.45390625 0.66796875 0.034375 0.13515625
1 0.59375 0.3234375 0.04609375 0.13203125
1 0.653125 0.3640625 0.05859375 0.1171875
1 0.7265625 0.35625 0.0578125 0.10546875
1 0.8609375 0.315625 0.05625 0.13359375
1 0.9375 0.3125 0.05859375 0.1265625
1 0.9296875 0.2078125 0.05 0.10234375
1 0.43359375 0.4890625 0.034375 0.128125