1 0.44296875 0.29296875 0.09140625 0.1859375
1 0.1390625 0.46796875 0.07578125 0.11640625
1 0.0640625 0.38828125 0.053125 0.0859375
1 0.028125 0.3109375 0.03671875 0.10859375
1 0.134375 0.3203125 0.02421875 0.0703125
1 0.20390625 0.31875 0.0453125 0.06328125
1 0.2125 0.41875 0.040625 0.0703125
1 0.5765625 0.33828125 0.04921875 0.05
1 0.72890625 0.1921875 0.121875 0.19375
1 0.2609375 0.2796875 0.0234375 0.03828125
1 0.1765625 0.24140625 0.02109375 0.034375
1 0.60234375 0.26484375 0.0359375 0.03203125
1 0.5828125 0.14375 0.03203125 0.0484375