1 0.2734375 0.82265625 0.0296875 0.05
1 0.09296875 0.69140625 0.02734375 0.046875
1 0.22578125 0.46953125 0.0234375 0.03828125
1 0.28828125 0.49921875 0.02734375 0.05546875
1 0.459375 0.40078125 0.0171875 0.04375
1 0.4875 0.4140625 0.0234375 0.03828125
1 0.57421875 0.40859375 0.0234375 0.04140625
1 0.59375 0.59296875 0.01875 0.03359375
1 0.6609375 0.48203125 0.0234375 0.05
1 0.671875 0.42265625 0.0203125 0.03203125
1 0.75390625 0.434375 0.0265625 0.0515625
1 0.8171875 0.45234375 0.0234375 0.04296875
1 0.63125 0.45703125 0.0109375 0.0234375
1 0.33984375 0.49453125 0.00859375 0.0203125
1 0.396875 0.40078125 0.02734375 0.0453125