1 0.06171875 0.28828125 0.00859375 0.07109375
1 0.0984375 0.22734375 0.01953125 0.07421875
1 0.17890625 0.2609375 0.01171875 0.06796875
1 0.24921875 0.2 0.015625 0.084375
1 0.309375 0.17265625 0.01484375 0.07109375
1 0.3734375 0.1765625 0.015625 0.084375
1 0.43046875 0.2171875 0.01171875 0.06796875
1 0.4859375 0.2203125 0.01640625 0.078125
1 0.54765625 0.2609375 0.0140625 0.0640625
1 0.60625 0.23359375 0.01484375 0.0640625
1 0.68046875 0.2234375 0.01171875 0.07109375
1 0.7734375 0.2 0.01640625 0.078125
1 0.41484375 0.26796875 0.0109375 0.07421875
1 0.81953125 0.31171875 0.0125 0.078125