1 0.121875 0.19296875 0.03828125 0.05859375
1 0.20390625 0.2796875 0.03984375 0.06328125
1 0.25 0.21796875 0.03203125 0.05859375
1 0.31640625 0.29296875 0.0375 0.06015625
1 0.34375 0.2265625 0.0328125 0.06015625
1 0.37109375 0.3265625 0.02734375 0.03984375
1 0.42265625 0.2375 0.0328125 0.06171875
1 0.453125 0.2796875 0.034375 0.06328125
1 0.5421875 0.2828125 0.03046875 0.05859375
1 0.51953125 0.2296875 0.03046875 0.06015625
1 0.45 0.3953125 0.0359375 0.05703125
1 0.62890625 0.284375 0.034375 0.06171875
1 0.62421875 0.22265625 0.03046875 0.05859375
1 0.715625 0.23828125 0.03203125 0.06328125
1 0.71953125 0.371875 0.0265625 0.03984375
1 0.7625 0.30859375 0.03515625 0.06328125
1 0.83515625 0.25625 0.034375 0.06015625
1 0.8640625 0.33828125 0.03828125 0.0703125
1 0.6453125 0.48046875 0.03203125 0.0515625
1 0.5625 0.484375 0.0328125 0.05703125
1 0.6296875 0.59453125 0.028125 0.05
1 0.25390625 0.35703125 0.0375 0.065625
1 0.17890625 0.44921875 0.02421875 0.03671875