1 0.1484375 0.359375 0.0484375 0.078125
1 0.196875 0.34375 0.03828125 0.0609375
1 0.2515625 0.415625 0.0390625 0.0484375
1 0.2859375 0.4609375 0.0453125 0.0609375
1 0.35859375 0.4359375 0.03125 0.040625
1 0.36796875 0.37265625 0.0453125 0.04921875
1 0.4421875 0.375 0.04296875 0.071875
1 0.509375 0.396875 0.03828125 0.05625
1 0.62890625 0.38671875 0.040625 0.0640625
1 0.675 0.36484375 0.03515625 0.05625
1 0.7765625 0.37109375 0.03203125 0.040625
1 0.74609375 0.34140625 0.03984375 0.06015625
1 0.93046875 0.34609375 0.04296875 0.05625
1 0.4265625 0.50234375 0.04609375 0.05625
1 0.61015625 0.59921875 0.03984375 0.0546875
1 0.70625 0.6796875 0.0390625 0.0546875
1 0.7328125 0.4984375 0.040625 0.0609375
1 0.22734375 0.67734375 0.04296875 0.05859375
1 0.259375 0.76015625 0.0453125 0.0609375
1 0.13984375 0.446875 0.04609375 0.071875