1 0.05625 0.1265625 0.03984375 0.06875
1 0.14921875 0.159375 0.0359375 0.0578125
1 0.24140625 0.12421875 0.03515625 0.06171875
1 0.3921875 0.075 0.03515625 0.06640625
1 0.4984375 0.10546875 0.0359375 0.06484375
1 0.559375 0.13359375 0.0359375 0.0546875
1 0.640625 0.1390625 0.0375 0.06171875
1 0.73515625 0.14765625 0.0421875 0.06484375
1 0.84453125 0.17578125 0.0390625 0.06796875
1 0.9703125 0.12421875 0.04609375 0.07890625
1 0.89765625 0.4546875 0.05 0.084375
1 0.7859375 0.425 0.0421875 0.07890625
1 0.671875 0.40703125 0.040625 0.08203125
1 0.5671875 0.37890625 0.03828125 0.06328125
1 0.2234375 0.34375 0.05078125 0.0875
1 0.0921875 0.4171875 0.04296875 0.071875