1 0.10234375 0.459375 0.03515625 0.0484375
1 0.1359375 0.415625 0.03203125 0.053125
1 0.178125 0.4125 0.03203125 0.0484375
1 0.228125 0.46484375 0.0296875 0.05234375
1 0.2609375 0.42734375 0.03203125 0.0484375
1 0.33203125 0.3984375 0.0265625 0.04453125
1 0.365625 0.45859375 0.0265625 0.04453125
1 0.4390625 0.4234375 0.0265625 0.04140625
1 0.47265625 0.4390625 0.02734375 0.0484375
1 0.5484375 0.46484375 0.02421875 0.03671875
1 0.5578125 0.521875 0.0359375 0.06015625
1 0.27265625 0.54921875 0.034375 0.0546875
1 0.36015625 0.6109375 0.034375 0.053125
1 0.46015625 0.54453125 0.0296875 0.0484375
1 0.59453125 0.56484375 0.034375 0.05703125
1 0.7 0.55234375 0.03046875 0.05078125
1 0.6328125 0.46328125 0.025 0.0375
1 0.66015625 0.42421875 0.0265625 0.04296875
1 0.740625 0.52890625 0.0265625 0.04453125
1 0.7671875 0.47109375 0.02734375 0.0390625
1 0.8265625 0.475 0.03203125 0.04921875
1 0.790625 0.5609375 0.03828125 0.0546875
1 0.89375 0.4625 0.0328125 0.05078125