1 0.71015625 0.10703125 0.0171875 0.03125
1 0.7953125 0.090625 0.02421875 0.04453125
1 0.4078125 0.07265625 0.01484375 0.025
1 0.353125 0.10390625 0.01171875 0.01796875
1 0.31640625 0.07109375 0.015625 0.025
1 0.07421875 0.059375 0.01640625 0.034375
1 0.140625 0.07265625 0.02265625 0.04296875
1 0.18046875 0.0640625 0.0234375 0.0390625
1 0.225 0.04453125 0.015625 0.0265625
1 0.2484375 0.06875 0.0234375 0.0328125
1 0.02421875 0.0390625 0.00703125 0.01171875
1 0.040625 0.05234375 0.0078125 0.01171875
1 0.1109375 0.07109375 0.015625 0.025
1 0.640625 0.07578125 0.009375 0.01640625
1 0.76875 0.13671875 0.00625 0.01484375
1 0.75859375 0.10859375 0.00859375 0.01484375
1 0.74140625 0.11015625 0.00703125 0.01171875
1 0.73046875 0.10390625 0.009375 0.01796875
1 0.3890625 0.39140625 0.03515625 0.04921875
1 0.53203125 0.26484375 0.03203125 0.05625
1 0.4484375 0.07578125 0.0234375 0.0390625
1 0.51640625 0.096875 0.0140625 0.0234375
1 0.54296875 0.11328125 0.01484375 0.0234375
1 0.58125 0.07890625 0.01640625 0.0359375
1 0.64765625 0.1203125 0.0125 0.0265625
1 0.68671875 0.11484375 0.01484375 0.0296875
1 0.0078125 0.01796875 0.01171875 0.01796875
1 0.5515625 0.09375 0.0109375 0.01953125
1 0.56328125 0.07734375 0.01484375 0.0234375
1 0.825 0.1015625 0.01875 0.0265625
1 0.428125 0.08515625 0.009375 0.02109375
1 0.3734375 0.06875 0.015625 0.025
1 0.35234375 0.0671875 0.01953125 0.02109375
1 0.49921875 0.10390625 0.00625 0.01015625
1 0.153125 0.0703125 0.009375 0.01796875
1 0.35 0.0875 0.00859375 0.01015625
1 0.3421875 0.10390625 0.00703125 0.01171875
1 0.3359375 0.0921875 0.0046875 0.01171875