1 0.19609375 0.371875 0.03984375 0.078125
1 0.67578125 0.65703125 0.02734375 0.03671875
1 0.78203125 0.6328125 0.03046875 0.0515625
1 0.87890625 0.63125 0.025 0.05859375
1 0.8875 0.63515625 0.01953125 0.06171875
1 0.94140625 0.621875 0.02734375 0.05078125
1 0.9890625 0.63671875 0.01953125 0.05625
1 0.98359375 0.5078125 0.01953125 0.0421875
1 0.634375 0.63125 0.02265625 0.04375
1 0.66796875 0.5296875 0.01640625 0.03515625
1 0.7359375 0.49609375 0.0203125 0.03828125
1 0.69609375 0.46875 0.01953125 0.0421875
1 0.771875 0.478125 0.021875 0.03828125
1 0.81640625 0.43828125 0.021875 0.040625
1 0.2515625 0.6515625 0.0140625 0.0296875
1 0.2828125 0.5203125 0.01875 0.034375
1 0.2703125 0.65546875 0.01640625 0.02890625
1 0.3 0.665625 0.015625 0.03125
1 0.3171875 0.653125 0.01640625 0.02890625
1 0.35546875 0.65546875 0.01484375 0.02890625
1 0.371875 0.63828125 0.0171875 0.03984375
1 0.40546875 0.6515625 0.01484375 0.0296875
1 0.46484375 0.51875 0.01484375 0.02578125
1 0.4734375 0.6390625 0.01484375 0.02734375
1 0.49921875 0.64765625 0.01953125 0.04375
1 0.534375 0.63828125 0.0171875 0.0296875
1 0.55546875 0.63828125 0.01640625 0.03671875
1 0.6125 0.50546875 0.0234375 0.03671875
1 0.5796875 0.45234375 0.0171875 0.0296875
1 0.853125 0.34140625 0.01953125 0.0328125
1 0.95234375 0.2796875 0.015625 0.02734375
1 0.97734375 0.24296875 0.01484375 0.034375
1 0.80859375 0.23203125 0.01640625 0.02578125
1 0.8921875 0.45234375 0.02265625 0.04375
1 0.65703125 0.41796875 0.0203125 0.04375
1 0.9875 0.4015625 0.01171875 0.0234375
1 0.6703125 0.3828125 0.02265625 0.03671875
1 0.09765625 0.65546875 0.01484375 0.03125
1 0.071875 0.6640625 0.01484375 0.0328125
1 0.18671875 0.81796875 0.0234375 0.03125
1 0.1109375 0.6296875 0.01484375 0.0328125
1 0.1265625 0.61484375 0.009375 0.021875