1 0.084375 0.60390625 0.0171875 0.0328125
1 0.11015625 0.60234375 0.01640625 0.03125
1 0.1421875 0.5953125 0.01484375 0.0328125
1 0.1640625 0.61875 0.0171875 0.03125
1 0.20234375 0.58984375 0.0171875 0.0359375
1 0.2390625 0.596875 0.01953125 0.03125
1 0.1578125 0.56640625 0.0125 0.025
1 0.22734375 0.56015625 0.0140625 0.0234375
1 0.25078125 0.56015625 0.0125 0.01796875
1 0.00625 0.45546875 0.0109375 0.02890625
1 0.184375 0.54453125 0.0109375 0.01796875
1 0.375 0.2296875 0.03984375 0.06171875
1 0.5234375 0.45 0.01953125 0.04140625
1 0.45390625 0.61171875 0.01953125 0.0328125
1 0.453125 0.56953125 0.0171875 0.03046875
1 0.48828125 0.5609375 0.015625 0.034375
1 0.50078125 0.57109375 0.015625 0.03046875
1 0.59453125 0.5515625 0.0171875 0.03125
1 0.5984375 0.6 0.01640625 0.03046875
1 0.6453125 0.57734375 0.0171875 0.03125
1 0.6640625 0.503125 0.01484375 0.02734375
1 0.64140625 0.46328125 0.01640625 0.02734375
1 0.59296875 0.41796875 0.01171875 0.0203125
1 0.5078125 0.4578125 0.0078125 0.01484375
1 0.68828125 0.41796875 0.01484375 0.03046875
1 0.69609375 0.584375 0.0171875 0.02890625
1 0.5609375 0.434375 0.009375 0.01640625
1 0.615625 0.38671875 0.0140625 0.0203125
1 0.571875 0.4578125 0.015625 0.02578125
1 0.61015625 0.43984375 0.01171875 0.021875
1 0.88359375 0.59140625 0.0203125 0.03828125
1 0.8734375 0.55859375 0.0171875 0.03046875
1 0.86328125 0.5421875 0.0140625 0.025
1 0.87109375 0.51328125 0.01484375 0.021875
1 0.9078125 0.5203125 0.01875 0.02890625
1 0.93046875 0.51875 0.0171875 0.034375
1 0.940625 0.57734375 0.0234375 0.03984375
1 0.9859375 0.55859375 0.021875 0.0375
1 0.971875 0.5265625 0.015625 0.02890625
1 0.9609375 0.52265625 0.0171875 0.0359375
1 0.05546875 0.61875 0.015625 0.02578125
1 0.02734375 0.678125 0.01171875 0.0203125
1 0.05625 0.596875 0.015625 0.03046875
1 0.03828125 0.609375 0.0109375 0.021875