1 0.71171875 0.15859375 0.075 0.06328125
1 0.90703125 0.11953125 0.046875 0.05
1 0.809375 0.1421875 0.02421875 0.02109375
1 0.96015625 0.09375 0.0265625 0.02421875
1 0.38984375 0.37890625 0.046875 0.0453125
1 0.528125 0.3859375 0.04765625 0.05
1 0.55078125 0.43203125 0.084375 0.06796875
1 0.0203125 0.4078125 0.0390625 0.046875
1 0.19140625 0.50234375 0.1671875 0.08828125
1 0.82890625 0.609375 0.1421875 0.1453125
1 0.7734375 0.159375 0.01875 0.01640625
1 0.584375 0.165625 0.0203125 0.01796875
1 0.0703125 0.2578125 0.01953125 0.021875
1 0.10234375 0.2203125 0.01953125 0.01484375
1 0.1125 0.24453125 0.0203125 0.01875
1 0.140625 0.2359375 0.021875 0.0234375
1 0.175 0.2375 0.0203125 0.0203125
1 0.159375 0.2265625 0.0078125 0.009375
1 0.17890625 0.25625 0.0234375 0.0265625
1 0.2265625 0.26171875 0.0234375 0.0234375
1 0.2 0.228125 0.021875 0.01953125
1 0.284375 0.2203125 0.01953125 0.01953125
1 0.3 0.21484375 0.021875 0.021875
1 0.353125 0.2078125 0.02421875 0.021875
1 0.4078125 0.20078125 0.0171875 0.0171875
1 0.45390625 0.21640625 0.0296875 0.0296875
1 0.475 0.2078125 0.01171875 0.01640625
1 0.5046875 0.2125 0.0265625 0.0265625
1 0.53046875 0.146875 0.021875 0.03046875
1 0.65546875 0.178125 0.0203125 0.02421875
1 0.6765625 0.15859375 0.01953125 0.02109375