1 0.65546875 0.63046875 0.03046875 0.0703125
1 0.790625 0.41953125 0.0375 0.090625
1 0.89453125 0.23359375 0.0328125 0.0890625
1 0.74375 0.22109375 0.0265625 0.07421875
1 0.64921875 0.28671875 0.02421875 0.05546875
1 0.8671875 0.2484375 0.01953125 0.03984375
1 0.90546875 0.14765625 0.0203125 0.03515625
1 0.95703125 0.12265625 0.02265625 0.0421875
1 0.578125 0.18984375 0.0265625 0.05390625
1 0.5171875 0.2265625 0.0265625 0.04375
1 0.67578125 0.178125 0.01640625 0.03203125
1 0.80390625 0.06875 0.01953125 0.03515625
1 0.765625 0.10234375 0.015625 0.028125
1 0.78203125 0.0703125 0.0125 0.0265625
1 0.6296875 0.19609375 0.015625 0.03359375
1 0.453125 0.12734375 0.0125 0.025
1 0.5375 0.12734375 0.0125 0.01875
1 0.57734375 0.09921875 0.0125 0.021875
1 0.475 0.21484375 0.0140625 0.0265625
1 0.21875 0.4140625 0.034375 0.05859375
1 0.3609375 0.35703125 0.03203125 0.05234375
1 0.2828125 0.32421875 0.0234375 0.03515625
1 0.19140625 0.35078125 0.0203125 0.03359375
1 0.41796875 0.30234375 0.0125 0.0265625
1 0.01640625 0.5484375 0.0203125 0.05546875
1 0.06953125 0.45625 0.01953125 0.03203125
1 0.08125 0.39921875 0.01484375 0.0265625
1 0.15234375 0.3828125 0.01640625 0.03515625
1 0.41484375 0.246875 0.0109375 0.0203125
1 0.4078125 0.22109375 0.0109375 0.021875
1 0.3546875 0.26171875 0.01953125 0.03046875
1 0.36796875 0.16953125 0.01171875 0.0234375
1 0.3234375 0.19453125 0.0125 0.01875
1 0.29375 0.26171875 0.0125 0.021875
1 0.259375 0.209375 0.01171875 0.01875
1 0.240625 0.28515625 0.01875 0.03203125
1 0.240625 0.246875 0.0140625 0.01875
1 0.240625 0.21171875 0.00859375 0.0171875
1 0.19609375 0.24296875 0.0109375 0.01875
1 0.2046875 0.30390625 0.01171875 0.0203125
1 0.16875 0.35234375 0.015625 0.0234375
1 0.16015625 0.278125 0.00859375 0.01640625
1 0.221875 0.19140625 0.0109375 0.01640625
1 0.209375 0.19921875 0.0078125 0.0171875
1 0.17578125 0.21796875 0.00859375 0.01484375
1 0.15703125 0.24140625 0.0109375 0.0234375
1 0.140625 0.24140625 0.0109375 0.025
1 0.12109375 0.35390625 0.01484375 0.0265625
1 0.075 0.271875 0.00859375 0.0171875
1 0.0609375 0.271875 0.00859375 0.01875
1 0.03203125 0.35703125 0.0125 0.0234375
1 0.059375 0.3203125 0.01875 0.03203125
1 0.0171875 0.3 0.0140625 0.0171875
1 0.0328125 0.409375 0.015625 0.028125
1 0.00859375 0.3640625 0.0125 0.0234375
1 0.6921875 0.2671875 0.0328125 0.0625
1 0.48828125 0.31015625 0.025 0.05
1 0.46015625 0.290625 0.02265625 0.03203125
1 0.125 0.296875 0.015625 0.028125
1 0.10078125 0.30390625 0.015625 0.03359375
1 0.1296875 0.409375 0.02421875 0.03359375
1 0.046875 0.55546875 0.03046875 0.065625