1 0.103125 0.459375 0.015625 0.0515625
1 0.0078125 0.34375 0.015625 0.03046875
1 0.0265625 0.28203125 0.02265625 0.0484375
1 0.04296875 0.26015625 0.01640625 0.03984375
1 0.115625 0.2703125 0.02421875 0.04296875
1 0.24609375 0.34921875 0.01953125 0.04296875
1 0.03828125 0.4828125 0.02265625 0.0453125
1 0.1328125 0.4875 0.0234375 0.03984375
1 0.29765625 0.40546875 0.021875 0.04296875
1 0.178125 0.35390625 0.0234375 0.05859375
1 0.26640625 0.25078125 0.021875 0.04140625
1 0.28046875 0.290625 0.01875 0.03046875
1 0.30625 0.2734375 0.02265625 0.0484375
1 0.32109375 0.246875 0.01953125 0.03984375
1 0.3453125 0.240625 0.01484375 0.03046875
1 0.10625 0.23359375 0.025 0.03828125
1 0.159375 0.21015625 0.0234375 0.046875
1 0.125 0.18515625 0.01875 0.03203125
1 0.034375 0.10859375 0.01953125 0.03671875
1 0.021875 0.04375 0.01640625 0.028125
1 0.08203125 0.04375 0.01875 0.03359375
1 0.12109375 0.0953125 0.01640625 0.03359375
1 0.16484375 0.06640625 0.01953125 0.03359375
1 0.171875 0.1671875 0.0203125 0.03828125
1 0.20625 0.1703125 0.01875 0.03828125
1 0.2015625 0.11328125 0.01640625 0.03671875
1 0.234375 0.11015625 0.0171875 0.03359375
1 0.253125 0.08984375 0.015625 0.03359375
1 0.25390625 0.04375 0.0171875 0.03046875
1 0.171875 0.01875 0.01640625 0.0265625
1 0.225 0.2015625 0.01640625 0.03359375
1 0.23046875 0.171875 0.0125 0.03203125
1 0.2375 0.16328125 0.01171875 0.028125
1 0.2140625 0.1453125 0.0125 0.028125
1 0.234375 0.22578125 0.01171875 0.0265625
1 0.2703125 0.0203125 0.015625 0.028125
1 0.2734375 0.06328125 0.01484375 0.0234375
1 0.0421875 0.00703125 0.01875 0.0140625
1 0.11640625 0.021875 0.015625 0.028125
1 0.2921875 0.15234375 0.01484375 0.0265625
1 0.28828125 0.13203125 0.01640625 0.03046875
1 0.3140625 0.13671875 0.01484375 0.0296875
1 0.32421875 0.08984375 0.01640625 0.03203125
1 0.35078125 0.08515625 0.015625 0.03515625
1 0.3765625 0.08828125 0.0140625 0.0234375
1 0.3875 0.13046875 0.01640625 0.03203125
1 0.28984375 0.18828125 0.01484375 0.0296875
1 0.27421875 0.20859375 0.01484375 0.028125
1 0.3015625 0.221875 0.01875 0.03046875
1 0.31953125 0.18203125 0.015625 0.028125
1 0.3265625 0.21171875 0.01484375 0.0265625
1 0.340625 0.1734375 0.0140625 0.028125
1 0.36875 0.1734375 0.01875 0.0296875
1 0.3765625 0.20234375 0.01875 0.03046875
1 0.3609375 0.27734375 0.015625 0.0296875
1 0.39765625 0.15859375 0.015625 0.03046875
1 0.40625 0.125 0.01484375 0.03046875
1 0.43046875 0.165625 0.01640625 0.0296875
1 0.415625 0.1921875 0.01640625 0.03046875
1 0.425 0.30078125 0.021875 0.04375
1 0.45390625 0.25 0.0125 0.03046875
1 0.48359375 0.29375 0.02265625 0.03984375
1 0.50078125 0.25390625 0.01640625 0.03359375
1 0.490625 0.20234375 0.0171875 0.03203125
1 0.48125 0.22890625 0.0171875 0.03046875
1 0.4734375 0.17890625 0.015625 0.0296875
1 0.4671875 0.07890625 0.01640625 0.0265625
1 0.51484375 0.103125 0.0171875 0.03359375
1 0.434375 0.08359375 0.015625 0.028125
1 0.4125 0.07890625 0.01484375 0.025
1 0.5125 0.1890625 0.015625 0.03671875
1 0.53515625 0.20234375 0.01953125 0.03359375
1 0.3984375 0.0546875 0.0140625 0.03046875
1 0.44375 0.05859375 0.015625 0.0296875
1 0.475 0.0484375 0.01640625 0.03046875
1 0.4984375 0.04140625 0.0125 0.0234375
1 0.5140625 0.03828125 0.0125 0.025
1 0.45390625 0.1171875 0.01484375 0.025
1 0.40703125 0.0296875 0.01171875 0.01875
1 0.44375 0.03046875 0.01484375 0.028125
1 0.4328125 0.03046875 0.01171875 0.021875
1 0.48359375 0.0265625 0.0140625 0.025
1 0.47734375 0.01171875 0.0125 0.021875
1 0.51953125 0.01015625 0.0140625 0.0203125
1 0.5421875 0.06328125 0.0125 0.0265625
1 0.55546875 0.13984375 0.01484375 0.0296875
1 0.57109375 0.09375 0.015625 0.03515625
1 0.60078125 0.11015625 0.015625 0.025
1 0.621875 0.0703125 0.01171875 0.025
1 0.6140625 0.03359375 0.01484375 0.028125
1 0.6375 0.03984375 0.01484375 0.028125
1 0.65234375 0.06640625 0.0125 0.025
1 0.66796875 0.06015625 0.0140625 0.028125
1 0.68671875 0.05703125 0.01171875 0.0296875
1 0.69609375 0.03828125 0.01484375 0.0234375
1 0.6625 0.04140625 0.0140625 0.0234375
1 0.7 0.01796875 0.0140625 0.0234375
1 0.6359375 0.09140625 0.01171875 0.028125
1 0.67578125 0.09140625 0.015625 0.03046875
1 0.70390625 0.0921875 0.015625 0.028125
1 0.68671875 0.13671875 0.015625 0.03046875
1 0.621875 0.15859375 0.01640625 0.0265625
1 0.56953125 0.171875 0.0171875 0.0265625
1 0.6125 0.21171875 0.01640625 0.03046875
1 0.63671875 0.2171875 0.0171875 0.03046875
1 0.65625 0.1984375 0.01484375 0.025
1 0.68046875 0.175 0.01875 0.028125
1 0.7375 0.175 0.0140625 0.028125
1 0.7796875 0.1671875 0.015625 0.028125
1 0.646875 0.2375 0.0171875 0.03046875
1 0.6640625 0.23359375 0.015625 0.028125
1 0.6734375 0.2671875 0.0171875 0.03203125
1 0.596875 0.25703125 0.01875 0.03984375
1 0.578125 0.28515625 0.0171875 0.03828125
1 0.60078125 0.2890625 0.0171875 0.03359375
1 0.6296875 0.28203125 0.01640625 0.03515625
1 0.5578125 0.32421875 0.01640625 0.03046875
1 0.584375 0.340625 0.0171875 0.03359375
1 0.60625 0.340625 0.015625 0.028125
1 0.62109375 0.33203125 0.01640625 0.03203125
1 0.66484375 0.32578125 0.01640625 0.03828125
1 0.621875 0.3671875 0.015625 0.03671875
1 0.6515625 0.39375 0.0171875 0.03515625
1 0.72578125 0.3359375 0.01953125 0.03828125
1 0.69609375 0.30078125 0.0171875 0.03046875
1 0.703125 0.2703125 0.0171875 0.03671875
1 0.72578125 0.2671875 0.0171875 0.03671875
1 0.71484375 0.25703125 0.01640625 0.03046875
1 0.759375 0.27734375 0.015625 0.03046875
1 0.74375 0.3234375 0.0125 0.03515625
1 0.7609375 0.32734375 0.015625 0.03671875
1 0.7640625 0.3875 0.01640625 0.03203125
1 0.77421875 0.3234375 0.01484375 0.03359375
1 0.76953125 0.24375 0.015625 0.0265625
1 0.5328125 0.4125 0.02421875 0.04140625
1 0.5390625 0.5359375 0.021875 0.03671875
1 0.5921875 0.5359375 0.021875 0.03828125
1 0.6546875 0.52578125 0.02421875 0.04140625
1 0.66015625 0.49921875 0.021875 0.04140625
1 0.66875 0.42890625 0.021875 0.0453125
1 0.784375 0.47734375 0.02265625 0.046875
1 0.72734375 0.56953125 0.02421875 0.0453125
1 0.73125 0.5140625 0.01640625 0.0453125
1 0.80859375 0.42890625 0.0203125 0.03203125
1 0.79296875 0.4359375 0.01640625 0.03203125
1 0.84453125 0.46875 0.01875 0.03515625
1 0.81953125 0.509375 0.0203125 0.03828125
1 0.80625 0.57109375 0.021875 0.03671875
1 0.86640625 0.56796875 0.02265625 0.04140625
1 0.8234375 0.559375 0.021875 0.0484375
1 0.86796875 0.49921875 0.0234375 0.03671875
1 0.89140625 0.4828125 0.0203125 0.03515625
1 0.85859375 0.4328125 0.01953125 0.0265625
1 0.925 0.53046875 0.021875 0.04296875
1 0.73125 0.47265625 0.01953125 0.03046875
1 0.90234375 0.4359375 0.0125 0.028125
1 0.93046875 0.46875 0.0203125 0.04140625
1 0.8046875 0.3453125 0.01875 0.0296875
1 0.95703125 0.52109375 0.0203125 0.03203125
1 0.9375 0.58125 0.02265625 0.04375
1 0.975 0.6328125 0.02734375 0.046875
1 0.95703125 0.4390625 0.01875 0.03359375
1 0.9828125 0.4609375 0.0234375 0.04140625
1 0.9328125 0.4203125 0.01640625 0.03359375
1 0.915625 0.390625 0.01640625 0.028125
1 0.92890625 0.3703125 0.0171875 0.03046875
1 0.95234375 0.35546875 0.01875 0.03828125
1 0.9671875 0.32578125 0.01640625 0.0296875
1 0.98828125 0.33515625 0.01640625 0.03828125
1 0.9765625 0.39375 0.01484375 0.04140625
1 0.98515625 0.40234375 0.01484375 0.03203125
1 0.90625 0.3203125 0.01484375 0.03359375
1 0.8765625 0.31015625 0.0171875 0.03359375
1 0.83125 0.465625 0.01953125 0.03828125
1 0.74140625 0.09140625 0.01171875 0.021875
1 0.76484375 0.05 0.0125 0.0234375
1 0.71875 0.06015625 0.01171875 0.025
1 0.76953125 0.0984375 0.01484375 0.0265625
1 0.76875 0.11484375 0.0140625 0.028125
1 0.7796875 0.1484375 0.01640625 0.0296875
1 0.79375 0.128125 0.0140625 0.0265625
1 0.79296875 0.05 0.01484375 0.0234375
1 0.83671875 0.1015625 0.01484375 0.025
1 0.8109375 0.1953125 0.0171875 0.0296875
1 0.840625 0.18359375 0.015625 0.03203125
1 0.85 0.18515625 0.0140625 0.028125
1 0.8578125 0.15859375 0.01484375 0.028125
1 0.846875 0.0734375 0.01484375 0.028125
1 0.86875 0.08984375 0.0140625 0.0265625
1 0.8734375 0.13828125 0.0140625 0.0265625
1 0.8984375 0.12890625 0.0140625 0.028125
1 0.7765625 0.08046875 0.0140625 0.021875
1 0.78984375 0.06484375 0.0109375 0.0203125
1 0.81640625 0.08515625 0.0109375 0.0203125
1 0.9296875 0.10390625 0.015625 0.0296875
1 0.9046875 0.18671875 0.0171875 0.0296875
1 0.87109375 0.16015625 0.01640625 0.025
1 0.89140625 0.28359375 0.0171875 0.03515625
1 0.96484375 0.221875 0.0171875 0.03359375
1 0.96796875 0.18828125 0.015625 0.03203125
1 0.93359375 0.2953125 0.01484375 0.0296875
1 0.9625 0.2984375 0.015625 0.03203125
1 0.98125 0.16015625 0.01640625 0.0296875
1 0.99609375 0.22734375 0.00703125 0.0234375
1 0.9828125 0.08828125 0.0125 0.025
1 0.9859375 0.12890625 0.0125 0.028125
1 0.8875 0.01328125 0.0140625 0.025
1 0.94140625 0.22890625 0.01171875 0.025
1 0.88671875 0.21328125 0.0140625 0.0265625
1 0.81171875 0.165625 0.015625 0.0234375
1 0.4 0.7125 0.03046875 0.04296875
1 0.53515625 0.74765625 0.028125 0.046875
1 0.58984375 0.72265625 0.028125 0.05546875
1 0.6328125 0.72265625 0.028125 0.0546875
1 0.03984375 0.6859375 0.028125 0.04375
1 0.4421875 0.37890625 0.03125 0.06328125
1 0.33515625 0.44921875 0.01953125 0.03828125
1 0.84765625 0.0265625 0.009375 0.01640625
1 0.8640625 0.01171875 0.01171875 0.0203125
1 0.81953125 0.0234375 0.01171875 0.0203125
1 0.7640625 0.00625 0.009375 0.0125
1 0.85625 0.053125 0.0109375 0.0203125
1 0.73046875 0.03203125 0.01171875 0.01875
1 0.3296875 0.30546875 0.0140625 0.028125
1 0.9953125 0.25859375 0.0078125 0.025
1 0.57109375 0.21171875 0.0125 0.0203125
1 0.1296875 0.07890625 0.0109375 0.0203125
1 0.20703125 0.0234375 0.015625 0.021875