1 0.08984375 0.44140625 0.0203125 0.03984375
1 0.115625 0.44609375 0.0171875 0.03359375
1 0.1828125 0.44765625 0.015625 0.03203125
1 0.2109375 0.45 0.0171875 0.02890625
1 0.24296875 0.47109375 0.01875 0.03515625
1 0.2609375 0.43125 0.0203125 0.03984375
1 0.2921875 0.4578125 0.0140625 0.0265625
1 0.3375 0.45 0.01953125 0.03046875
1 0.45234375 0.43984375 0.015625 0.040625
1 0.49921875 0.46171875 0.015625 0.03515625
1 0.51484375 0.45 0.01484375 0.028125
1 0.5625 0.41640625 0.01875 0.05078125
1 0.5890625 0.4296875 0.01953125 0.03984375
1 0.6578125 0.4265625 0.021875 0.0421875
1 0.7171875 0.41640625 0.01953125 0.03671875
1 0.725 0.43125 0.015625 0.03828125
1 0.75703125 0.46796875 0.0203125 0.04375
1 0.7375 0.5421875 0.0203125 0.04375
1 0.80625 0.43125 0.021875 0.03984375
1 0.7984375 0.540625 0.025 0.0453125
1 0.85234375 0.43984375 0.01640625 0.03203125
1 0.87109375 0.39921875 0.03046875 0.05234375
1 0.92265625 0.434375 0.0203125 0.03203125
1 0.946875 0.44140625 0.015625 0.03984375
1 0.975 0.359375 0.0125 0.0625