1 0.95234375 0.7375 0.02265625 0.0484375
1 0.9890625 0.6546875 0.01875 0.05234375
1 0.97578125 0.59375 0.02265625 0.05234375
1 0.9609375 0.53046875 0.01953125 0.0453125
1 0.99609375 0.465625 0.00703125 0.0484375
1 0.940625 0.4765625 0.01953125 0.046875
1 0.86875 0.7515625 0.02265625 0.05390625
1 0.9 0.66171875 0.02265625 0.05390625
1 0.9015625 0.6078125 0.0234375 0.046875
1 0.87890625 0.5234375 0.0234375 0.05390625
1 0.86640625 0.5015625 0.0203125 0.0453125
1 0.884375 0.42421875 0.021875 0.05
1 0.84296875 0.67265625 0.0234375 0.046875
1 0.7921875 0.72265625 0.02421875 0.046875
1 0.771875 0.66015625 0.02421875 0.05546875
1 0.82109375 0.6078125 0.025 0.0453125
1 0.79765625 0.52890625 0.0203125 0.05234375
1 0.803125 0.490625 0.01875 0.04140625
1 0.78984375 0.43671875 0.02265625 0.05
1 0.7703125 0.390625 0.02265625 0.046875
1 0.72734375 0.6890625 0.025 0.05234375
1 0.75078125 0.58671875 0.021875 0.05
1 0.6953125 0.63125 0.025 0.0578125
1 0.72265625 0.56328125 0.021875 0.04140625
1 0.7421875 0.521875 0.01953125 0.05
1 0.73046875 0.4640625 0.01953125 0.04140625
1 0.6734375 0.55234375 0.02265625 0.05390625
1 0.63359375 0.71953125 0.02421875 0.05
1 0.61640625 0.6078125 0.02421875 0.0578125
1 0.64453125 0.53984375 0.021875 0.0453125
1 0.67265625 0.4984375 0.0234375 0.0453125
1 0.65546875 0.38828125 0.0203125 0.0578125
1 0.634375 0.390625 0.02265625 0.046875
1 0.9796875 0.33125 0.0203125 0.0484375
1 0.90703125 0.3546875 0.01953125 0.0484375
1 0.8875 0.3578125 0.01953125 0.04296875
1 0.8171875 0.34921875 0.02265625 0.0375
1 0.7078125 0.359375 0.0203125 0.0484375
1 0.75078125 0.34375 0.01953125 0.04296875
1 0.59765625 0.5578125 0.0234375 0.05390625
1 0.6015625 0.48203125 0.021875 0.02890625
1 0.55 0.76796875 0.0203125 0.0484375
1 0.51171875 0.7859375 0.0359375 0.08984375
1 0.5296875 0.6296875 0.0234375 0.05546875
1 0.5453125 0.6296875 0.0140625 0.0453125
1 0.56640625 0.53984375 0.021875 0.05
1 0.534375 0.50546875 0.021875 0.0484375
1 0.57890625 0.41328125 0.021875 0.046875
1 0.5671875 0.38515625 0.0203125 0.03984375
1 0.5234375 0.40078125 0.021875 0.046875
1 0.465625 0.76640625 0.021875 0.0484375
1 0.396875 0.75 0.021875 0.05234375
1 0.446875 0.64375 0.025 0.059375
1 0.453125 0.56640625 0.0234375 0.05234375
1 0.48125 0.490625 0.02421875 0.05234375
1 0.459375 0.475 0.0203125 0.05390625
1 0.446875 0.42109375 0.0203125 0.0484375
1 0.38359375 0.665625 0.01953125 0.05
1 0.39453125 0.53046875 0.01875 0.05234375
1 0.3609375 0.55390625 0.02265625 0.0609375
1 0.3953125 0.47109375 0.021875 0.05
1 0.3828125 0.3828125 0.0203125 0.05234375
1 0.34296875 0.37265625 0.0203125 0.04296875
1 0.3109375 0.728125 0.0234375 0.0484375
1 0.31875 0.6671875 0.0234375 0.05390625
1 0.315625 0.534375 0.0234375 0.0484375
1 0.265625 0.559375 0.02265625 0.0484375
1 0.31953125 0.48203125 0.021875 0.04296875
1 0.31640625 0.41171875 0.021875 0.0484375
1 0.234375 0.70703125 0.0265625 0.0609375
1 0.24921875 0.6921875 0.01953125 0.046875
1 0.234375 0.55390625 0.02265625 0.0578125
1 0.24609375 0.48046875 0.0234375 0.05234375
1 0.25390625 0.44609375 0.021875 0.03984375
1 0.25703125 0.37265625 0.021875 0.0453125
1 0.19140625 0.3796875 0.02421875 0.046875
1 0.17578125 0.40625 0.021875 0.04140625
1 0.1734375 0.4546875 0.02421875 0.05234375
1 0.16328125 0.55390625 0.0203125 0.0453125
1 0.18046875 0.6171875 0.021875 0.046875
1 0.16875 0.6796875 0.02265625 0.05
1 0.159375 0.7625 0.0234375 0.05546875
1 0.0765625 0.7 0.02265625 0.059375
1 0.0890625 0.67109375 0.0234375 0.059375
1 0.11015625 0.56796875 0.0234375 0.05390625
1 0.1046875 0.53046875 0.02265625 0.046875
1 0.1109375 0.41875 0.021875 0.05
1 0.121875 0.37421875 0.0203125 0.04140625
1 0.00859375 0.6453125 0.015625 0.05234375
1 0.01953125 0.5375 0.0234375 0.05390625
1 0.03046875 0.4640625 0.0234375 0.05390625
1 0.0375 0.42421875 0.01953125 0.0375
1 0.04765625 0.3578125 0.02265625 0.03984375