1 0.9609375 0.071875 0.025 0.0671875
1 0.21015625 0.30234375 0.0453125 0.07421875
1 0.6328125 0.21640625 0.040625 0.10234375
1 0.64375 0.05546875 0.009375 0.03515625
1 0.48828125 0.09453125 0.0203125 0.040625
1 0.56875 0.1078125 0.0109375 0.028125
1 0.7015625 0.14765625 0.028125 0.05390625
1 0.81875 0.07578125 0.01953125 0.05
1 0.75078125 0.025 0.01171875 0.028125
1 0.90625 0.021875 0.015625 0.0421875
1 0.68359375 0.025 0.0109375 0.025
1 0.37578125 0.2421875 0.03984375 0.071875
1 0.4421875 0.30078125 0.121875 0.2203125
1 0.175 0.39296875 0.0390625 0.10546875
1 0.059375 0.2640625 0.02421875 0.04375
1 0.1765625 0.1984375 0.0203125 0.05
1 0.25 0.2015625 0.02265625 0.05546875
1 0.778125 0.03671875 0.0171875 0.0390625