1 0.0484375 0.89921875 0.09375 0.07421875
1 0.03046875 0.65390625 0.0609375 0.0796875
1 0.02265625 0.45234375 0.0453125 0.0625
1 0.2484375 0.90859375 0.08203125 0.0640625
1 0.190625 0.67109375 0.0640625 0.07734375
1 0.140625 0.45234375 0.05859375 0.0796875
1 0.109375 0.28984375 0.05859375 0.05078125
1 0.2015625 0.16328125 0.046875 0.05703125
1 0.246875 0.3 0.0515625 0.065625
1 0.37421875 0.315625 0.0515625 0.0671875
1 0.31640625 0.18515625 0.04609375 0.07734375
1 0.50390625 0.05859375 0.040625 0.07421875
1 0.39453125 0.06875 0.0453125 0.07890625
1 0.2765625 0.0640625 0.040625 0.0671875
1 0.615625 0.06875 0.03984375 0.0609375
1 0.72578125 0.0640625 0.03515625 0.059375
1 0.81328125 0.16328125 0.0484375 0.0625
1 0.6875 0.16875 0.04609375 0.04765625
1 0.56953125 0.1671875 0.0453125 0.059375
1 0.646875 0.29140625 0.05546875 0.06875
1 0.94375 0.15390625 0.05 0.04921875
1 0.92265625 0.28984375 0.05390625 0.0625
1 0.78828125 0.31171875 0.05546875 0.065625
1 0.51875 0.296875 0.04609375 0.059375
1 0.45 0.1703125 0.04609375 0.07578125
1 0.89375 0.43984375 0.0515625 0.06875
1 0.86640625 0.6546875 0.06640625 0.0671875
1 0.70703125 0.64609375 0.0625 0.0640625
1 0.746875 0.45546875 0.05859375 0.0671875
1 0.59765625 0.4484375 0.05859375 0.0609375
1 0.53203125 0.65625 0.065625 0.07109375
1 0.44921875 0.4515625 0.05390625 0.05703125
1 0.30078125 0.4671875 0.059375 0.07734375
1 0.36328125 0.66484375 0.06875 0.07578125
1 0.81875 0.9109375 0.07109375 0.05546875
1 0.63359375 0.9375 0.065625 0.059375
1 0.44921875 0.9109375 0.08125 0.0671875