1 0.1984375 0.33515625 0.025 0.0625
1 0.28203125 0.31953125 0.02421875 0.05546875
1 0.228125 0.47578125 0.025 0.05703125
1 0.14765625 0.5 0.02265625 0.059375
1 0.2609375 0.390625 0.021875 0.05
1 0.203125 0.403125 0.021875 0.05390625
1 0.2328125 0.43046875 0.025 0.0609375
1 0.3375 0.38203125 0.02421875 0.059375
1 0.29765625 0.50703125 0.0234375 0.05234375
1 0.3765625 0.44296875 0.025 0.0609375
1 0.52734375 0.41640625 0.02734375 0.06953125
1 0.4203125 0.39765625 0.02265625 0.05234375
1 0.371875 0.3296875 0.0234375 0.05703125
1 0.44609375 0.35390625 0.01875 0.05390625
1 0.52421875 0.32109375 0.02421875 0.05234375
1 0.796875 0.3921875 0.0234375 0.0484375
1 0.7671875 0.32265625 0.0265625 0.05703125
1 0.68671875 0.340625 0.02421875 0.05703125
1 0.71953125 0.42734375 0.02421875 0.05
1 0.73828125 0.4828125 0.02734375 0.05390625
1 0.6453125 0.44453125 0.02265625 0.0640625
1 0.578125 0.39609375 0.025 0.06796875
1 0.6109375 0.33828125 0.02421875 0.05703125
1 0.509375 0.39921875 0.025 0.046875
1 0.6421875 0.4203125 0.0203125 0.0484375