1 0.4609375 0.39296875 0.0265625 0.065625
1 0.5234375 0.3703125 0.021875 0.05546875
1 0.5921875 0.40703125 0.0265625 0.06171875
1 0.60546875 0.3484375 0.025 0.05859375
1 0.6515625 0.3296875 0.02421875 0.0640625
1 0.6640625 0.41171875 0.02734375 0.06171875
1 0.6875 0.37421875 0.02265625 0.06015625
1 0.75390625 0.38125 0.025 0.06015625
1 0.821875 0.38984375 0.0265625 0.0703125
1 0.896875 0.40546875 0.02734375 0.0703125
1 0.1453125 0.3640625 0.02265625 0.06171875
1 0.21953125 0.37734375 0.0234375 0.053125
1 0.25703125 0.353125 0.0234375 0.05
1 0.2984375 0.384375 0.025 0.06171875
1 0.35 0.38984375 0.02421875 0.05859375
1 0.3640625 0.32421875 0.0234375 0.05859375
1 0.415625 0.3671875 0.02421875 0.06015625
1 0.43828125 0.32265625 0.0234375 0.0515625