1 0.6546875 0.4625 0.0171875 0.03515625
1 0.71015625 0.4609375 0.01875 0.03203125
1 0.753125 0.45390625 0.01640625 0.03359375
1 0.7953125 0.4640625 0.015625 0.028125
1 0.80390625 0.3609375 0.015625 0.03515625
1 0.68671875 0.34765625 0.0171875 0.03203125
1 0.63671875 0.3453125 0.015625 0.03515625
1 0.5859375 0.3453125 0.0171875 0.0296875
1 0.84296875 0.44921875 0.0171875 0.03671875
1 0.765625 0.5859375 0.01875 0.03671875
1 0.8140625 0.64609375 0.01640625 0.03671875
1 0.7140625 0.61796875 0.0171875 0.03359375
1 0.6671875 0.64765625 0.01875 0.028125
1 0.6109375 0.6359375 0.0171875 0.03515625
1 0.5359375 0.6328125 0.0171875 0.03515625
1 0.74375 0.32890625 0.0171875 0.03203125
1 0.1828125 0.44609375 0.015625 0.0265625
1 0.234375 0.45546875 0.01640625 0.03046875
1 0.271875 0.44375 0.015625 0.0296875
1 0.30546875 0.459375 0.01484375 0.028125
1 0.34765625 0.459375 0.01640625 0.03359375
1 0.3828125 0.45390625 0.01484375 0.03046875
1 0.4140625 0.45546875 0.01484375 0.0296875
1 0.45703125 0.440625 0.0171875 0.028125
1 0.2015625 0.60390625 0.01953125 0.03515625
1 0.2640625 0.62421875 0.01875 0.03671875
1 0.334375 0.62421875 0.0171875 0.03828125
1 0.4140625 0.62265625 0.0171875 0.03515625
1 0.46484375 0.5796875 0.015625 0.03359375
1 0.0953125 0.3640625 0.0171875 0.0265625
1 0.1359375 0.37578125 0.01484375 0.0265625
1 0.17578125 0.3625 0.01484375 0.021875
1 0.2140625 0.35859375 0.0140625 0.03046875
1 0.26484375 0.33046875 0.01875 0.03828125
1 0.32109375 0.3375 0.015625 0.03046875
1 0.3671875 0.34375 0.01640625 0.0296875
1 0.42578125 0.35078125 0.01484375 0.0265625
1 0.49296875 0.3625 0.015625 0.028125
1 0.53203125 0.3421875 0.0171875 0.03359375
1 0.5640625 0.45546875 0.0171875 0.03515625
1 0.61015625 0.465625 0.01484375 0.028125
1 0.92890625 0.49765625 0.01875 0.025
1 0.89453125 0.609375 0.01875 0.03515625
1 0.84765625 0.60234375 0.0171875 0.03515625
1 0.1296875 0.64453125 0.0203125 0.03359375
1 0.5125 0.45546875 0.0171875 0.028125