1 0.0765625 0.21484375 0.0328125 0.05859375
1 0.128125 0.2578125 0.040625 0.07890625
1 0.20390625 0.21484375 0.0375 0.0703125
1 0.22734375 0.16953125 0.0296875 0.05703125
1 0.271875 0.2125 0.03515625 0.06171875
1 0.32109375 0.203125 0.028125 0.0671875
1 0.24375 0.30625 0.0375 0.07734375
1 0.3296875 0.321875 0.03828125 0.08046875
1 0.3625 0.2109375 0.03203125 0.0640625
1 0.425 0.203125 0.03125 0.05546875
1 0.53046875 0.18046875 0.02734375 0.06171875
1 0.5046875 0.31953125 0.034375 0.06328125
1 0.43359375 0.3453125 0.034375 0.0703125
1 0.08671875 0.4234375 0.03984375 0.0671875
1 0.175 0.47421875 0.04375 0.07890625
1 0.28828125 0.47265625 0.0359375 0.0734375
1 0.39765625 0.45703125 0.0390625 0.08359375
1 0.61015625 0.2109375 0.03125 0.065625
1 0.60234375 0.296875 0.03515625 0.0703125
1 0.65546875 0.3265625 0.03515625 0.0734375
1 0.50078125 0.50234375 0.0390625 0.07734375
1 0.603125 0.47734375 0.03828125 0.075
1 0.70390625 0.1578125 0.03125 0.06171875
1 0.81640625 0.22109375 0.03203125 0.06328125
1 0.73046875 0.3203125 0.03046875 0.06875
1 0.8203125 0.321875 0.03828125 0.071875
1 0.89140625 0.3203125 0.0421875 0.08203125
1 0.68828125 0.4890625 0.0359375 0.075
1 0.76953125 0.4828125 0.0390625 0.0703125
1 0.859375 0.4703125 0.0390625 0.0734375