1 0.50703125 0.51796875 0.009375 0.015625
1 0.23359375 0.48046875 0.03984375 0.07265625
1 0.3265625 0.48828125 0.0265625 0.04453125
1 0.3515625 0.49375 0.015625 0.0328125
1 0.3828125 0.50390625 0.0140625 0.0296875
1 0.43125 0.51015625 0.01640625 0.02890625
1 0.446875 0.49453125 0.01171875 0.03125
1 0.49609375 0.525 0.015625 0.021875
1 0.4125 0.49765625 0.01171875 0.0234375
1 0.51875 0.509375 0.0109375 0.01953125
1 0.53046875 0.50546875 0.00859375 0.01328125
1 0.54375 0.5078125 0.01171875 0.01953125
1 0.5703125 0.49765625 0.0109375 0.0171875
1 0.48046875 0.51015625 0.00859375 0.0171875
1 0.5609375 0.52109375 0.009375 0.0140625
1 0.01640625 0.521875 0.028125 0.06015625
1 0.0984375 0.53125 0.02734375 0.05234375
1 0.203125 0.49765625 0.01875 0.0328125