1 0.121875 0.23828125 0.028125 0.04609375
1 0.19140625 0.2546875 0.0265625 0.04609375
1 0.06640625 0.38046875 0.028125 0.05078125
1 0.134375 0.38046875 0.025 0.04609375
1 0.090625 0.48515625 0.0265625 0.05078125
1 0.09296875 0.6 0.028125 0.05
1 0.17265625 0.60703125 0.028125 0.05
1 0.24609375 0.2546875 0.02421875 0.04609375
1 0.2875 0.25546875 0.028125 0.04453125
1 0.325 0.25703125 0.028125 0.04765625
1 0.2140625 0.378125 0.03046875 0.04453125
1 0.29375 0.3703125 0.03125 0.04453125
1 0.36015625 0.375 0.02734375 0.04375
1 0.178125 0.49609375 0.03125 0.0484375
1 0.25859375 0.49140625 0.03046875 0.04609375
1 0.259375 0.60703125 0.02734375 0.04609375
1 0.38125 0.259375 0.0265625 0.0375
1 0.4421875 0.2609375 0.028125 0.04609375
1 0.51875 0.26328125 0.025 0.04375
1 0.4109375 0.3765625 0.02421875 0.0421875
1 0.465625 0.3828125 0.02734375 0.05078125
1 0.5203125 0.38125 0.02734375 0.04609375
1 0.346875 0.4953125 0.028125 0.05078125
1 0.4234375 0.49765625 0.0265625 0.0421875
1 0.49296875 0.49609375 0.0265625 0.05078125
1 0.340625 0.61484375 0.02734375 0.05
1 0.41484375 0.61328125 0.0296875 0.05
1 0.4921875 0.6234375 0.0296875 0.05078125
1 0.58671875 0.2671875 0.0234375 0.0484375
1 0.6515625 0.265625 0.02265625 0.04453125
1 0.58515625 0.378125 0.02421875 0.0484375
1 0.67109375 0.38671875 0.0265625 0.04453125
1 0.72265625 0.28046875 0.028125 0.04609375
1 0.79296875 0.2734375 0.02421875 0.04453125
1 0.87109375 0.265625 0.02421875 0.04765625
1 0.74375 0.390625 0.028125 0.04609375
1 0.8296875 0.38515625 0.025 0.0484375
1 0.90234375 0.40390625 0.0296875 0.04375
1 0.71953125 0.4875 0.028125 0.0484375
1 0.80625 0.49375 0.028125 0.04765625
1 0.89140625 0.51640625 0.0296875 0.04375
1 0.94140625 0.51640625 0.0296875 0.04375
1 0.5640625 0.4953125 0.0265625 0.04453125
1 0.64453125 0.49375 0.028125 0.05
1 0.56875 0.6125 0.0296875 0.04765625
1 0.6578125 0.60859375 0.028125 0.04609375
1 0.74296875 0.61328125 0.028125 0.0484375
1 0.83671875 0.63984375 0.02734375 0.05