1 0.171875 0.86640625 0.0578125 0.21875
1 0.4625 0.76796875 0.0453125 0.0953125
1 0.48125 0.678125 0.04609375 0.07890625
1 0.2453125 0.37421875 0.009375 0.021875
1 0.2234375 0.37265625 0.0109375 0.01171875
1 0.31875 0.3625 0.00859375 0.01875
1 0.346875 0.4375 0.0203125 0.03984375
1 0.5625 0.5671875 0.0078125 0.01484375
1 0.51640625 0.57578125 0.00625 0.01328125
1 0.64921875 0.4875 0.00625 0.01015625
1 0.8546875 0.55625 0.00859375 0.01640625
1 0.8921875 0.57578125 0.00625 0.01640625
1 0.30078125 0.38359375 0.00625 0.0203125
1 0.378125 0.384375 0.00703125 0.03046875
1 0.53125 0.44765625 0.0046875 0.00859375
1 0.5265625 0.4890625 0.0046875 0.00859375
1 0.60078125 0.515625 0.00625 0.01484375
1 0.6046875 0.4875 0.0046875 0.01015625
1 0.62109375 0.515625 0.00625 0.00859375
1 0.65234375 0.52109375 0.0046875 0.01015625
1 0.66484375 0.49609375 0.00625 0.00859375
1 0.6546875 0.50234375 0.0046875 0.00859375
1 0.8765625 0.50234375 0.0046875 0.01171875
1 0.8625 0.49375 0.0046875 0.01015625
1 0.8515625 0.4890625 0.00390625 0.00703125
1 0.825 0.4875 0.0046875 0.00859375
1 0.99140625 0.61796875 0.0078125 0.01796875
1 0.73515625 0.5421875 0.00703125 0.00859375
1 0.73828125 0.49453125 0.0046875 0.01015625