1 0.0828125 0.1578125 0.034375 0.0859375
1 0.14453125 0.18125 0.0359375 0.08046875
1 0.20390625 0.1484375 0.0296875 0.07109375
1 0.2265625 0.37421875 0.03515625 0.0625
1 0.25859375 0.16328125 0.0265625 0.05234375
1 0.303125 0.14296875 0.0265625 0.06953125
1 0.3625 0.084375 0.03046875 0.05625
1 0.4578125 0.05078125 0.028125 0.0640625
1 0.43671875 0.1265625 0.0328125 0.07890625
1 0.5015625 0.1203125 0.025 0.0640625
1 0.1546875 0.51875 0.03984375 0.08203125
1 0.328125 0.37734375 0.0328125 0.0671875
1 0.31171875 0.540625 0.03984375 0.10234375
1 0.44140625 0.37421875 0.03125 0.0578125
1 0.5125 0.35390625 0.03046875 0.07421875
1 0.45703125 0.5390625 0.0390625 0.0875
1 0.5640625 0.10390625 0.02734375 0.06953125
1 0.60859375 0.07890625 0.0265625 0.0609375
1 0.6484375 0.084375 0.0234375 0.05625
1 0.7 0.0921875 0.02734375 0.0625
1 0.7625 0.11171875 0.028125 0.059375
1 0.803125 0.1140625 0.034375 0.06953125
1 0.9015625 0.08046875 0.0359375 0.08046875
1 0.6171875 0.33125 0.03125 0.07734375
1 0.6859375 0.32109375 0.03125 0.07109375
1 0.62109375 0.49609375 0.040625 0.0921875
1 0.753125 0.28671875 0.0328125 0.07265625
1 0.796875 0.490625 0.0390625 0.07734375
1 0.90546875 0.44609375 0.04296875 0.0859375