1 0.4234375 0.178125 0.090625 0.0875
1 0.55390625 0.13671875 0.0859375 0.0875
1 0.7171875 0.19296875 0.0328125 0.0359375
1 0.64921875 0.19921875 0.028125 0.03515625
1 0.83203125 0.0671875 0.03046875 0.034375
1 0.8984375 0.06875 0.03515625 0.03359375
1 0.89765625 0.02109375 0.0375 0.03125
1 0.98515625 0.11484375 0.028125 0.03671875
1 0.384375 0.07578125 0.040625 0.04296875
1 0.1828125 0.07109375 0.03984375 0.03671875
1 0.0625 0.0734375 0.0421875 0.0390625
1 0.0640625 0.15703125 0.05390625 0.05859375
1 0.66328125 0.13125 0.0078125 0.00859375
1 0.64921875 0.05234375 0.01640625 0.028125
1 0.6921875 0.0546875 0.02265625 0.02734375
1 0.12890625 0.1234375 0.05390625 0.05546875
1 0.209375 0.2109375 0.06171875 0.05625
1 0.25078125 0.15859375 0.05390625 0.0515625