1 0.72265625 0.1296875 0.14921875 0.10625
1 0.903125 0.07890625 0.05 0.03671875
1 0.84453125 0.04609375 0.05 0.0375
1 0.7484375 0.02421875 0.040625 0.0265625
1 0.61015625 0.00703125 0.0375 0.0140625
1 0.60078125 0.0765625 0.046875 0.03671875
1 0.47265625 0.0921875 0.075 0.046875
1 0.2484375 0.040625 0.0890625 0.07109375
1 0.50859375 0.0296875 0.0328125 0.0265625
1 0.40625 0.025 0.0359375 0.02734375
1 0.371875 0.02734375 0.03203125 0.0265625
1 0.2828125 0.0140625 0.0359375 0.028125
1 0.2953125 0.08125 0.04765625 0.04609375
1 0.1265625 0.053125 0.07734375 0.05859375
1 0.02265625 0.034375 0.0453125 0.053125