1 0.80078125 0.1578125 0.0375 0.02890625
1 0.6328125 0.14453125 0.03046875 0.02109375
1 0.946875 0.12265625 0.034375 0.0203125
1 0.965625 0.2765625 0.04609375 0.03359375
1 0.915625 0.26171875 0.046875 0.03046875
1 0.8375 0.25 0.05 0.0375
1 0.72578125 0.24609375 0.05546875 0.03515625
1 0.6296875 0.21171875 0.03828125 0.03046875
1 0.21875 0.15859375 0.03515625 0.02578125
1 0.18828125 0.16328125 0.03046875 0.02421875
1 0.9890625 0.23828125 0.021875 0.02890625
1 0.01015625 0.14921875 0.0203125 0.0203125
1 0.00625 0.203125 0.0125 0.02890625
1 0.36328125 0.09375 0.03203125 0.02421875
1 0.2515625 0.2328125 0.06640625 0.04140625
1 0.109375 0.21796875 0.03046875 0.02578125