1 0.16015625 0.61328125 0.0171875 0.06796875
1 0.8203125 0.34296875 0.015625 0.03359375
1 0.80546875 0.334375 0.0140625 0.03046875
1 0.76171875 0.3296875 0.0171875 0.03359375
1 0.709375 0.353125 0.01640625 0.0390625
1 0.7359375 0.3359375 0.0125 0.02578125
1 0.6765625 0.3703125 0.01640625 0.03359375
1 0.63125 0.3765625 0.01640625 0.03515625
1 0.5875 0.38046875 0.01640625 0.03515625
1 0.6625 0.30546875 0.01171875 0.025
1 0.6796875 0.3140625 0.009375 0.021875
1 0.56953125 0.36796875 0.015625 0.03046875
1 0.0828125 0.43046875 0.01484375 0.02734375
1 0.0703125 0.31953125 0.01484375 0.025
1 0.090625 0.296875 0.01171875 0.025
1 0.1015625 0.334375 0.01171875 0.025
1 0.26484375 0.33984375 0.009375 0.0234375
1 0.28203125 0.32265625 0.0109375 0.025
1 0.29765625 0.34921875 0.01484375 0.03359375
1 0.3203125 0.38046875 0.01640625 0.04375
1 0.371875 0.3703125 0.015625 0.0375
1 0.4 0.371875 0.01875 0.03671875
1 0.4609375 0.34296875 0.01640625 0.0421875
1 0.5265625 0.38046875 0.015625 0.03203125
1 0.284375 0.40234375 0.021875 0.0390625
1 0.2375 0.36171875 0.0140625 0.03515625
1 0.20234375 0.378125 0.0203125 0.0375
1 0.1734375 0.34921875 0.0203125 0.02890625
1 0.3140625 0.31953125 0.0109375 0.0203125
1 0.3390625 0.33984375 0.01171875 0.0234375
1 0.365625 0.3125 0.009375 0.0234375
1 0.39140625 0.32734375 0.01171875 0.02734375
1 0.5515625 0.33828125 0.01171875 0.0234375
1 0.5203125 0.31796875 0.0125 0.0234375
1 0.4859375 0.33125 0.009375 0.01875
1 0.43046875 0.34609375 0.01640625 0.03203125
1 0.45234375 0.34921875 0.015625 0.03359375
1 0.328125 0.3578125 0.01484375 0.03359375
1 0.278125 0.30390625 0.01171875 0.02578125
1 0.425 0.3125 0.0078125 0.02578125
1 0.58125 0.31953125 0.00859375 0.0234375
1 0.56328125 0.32734375 0.00703125 0.025
1 0.6140625 0.3375 0.01171875 0.03046875