1 0.140625 0.31875 0.01953125 0.02890625
1 0.1828125 0.31640625 0.01640625 0.0296875
1 0.21796875 0.33046875 0.01484375 0.02578125
1 0.25859375 0.31796875 0.015625 0.02578125
1 0.28984375 0.30625 0.015625 0.02890625
1 0.325 0.334375 0.0140625 0.021875
1 0.34296875 0.31015625 0.01171875 0.02109375
1 0.378125 0.32421875 0.0125 0.025
1 0.42109375 0.328125 0.01171875 0.021875
1 0.44609375 0.328125 0.01171875 0.02109375
1 0.48125 0.3453125 0.0125 0.01953125
1 0.49921875 0.30234375 0.01484375 0.02109375
1 0.50390625 0.3375 0.0140625 0.01796875
1 0.52421875 0.3203125 0.01171875 0.025