1 0.7125 0.06328125 0.0265625 0.046875
1 0.92890625 0.0390625 0.0296875 0.0390625
1 0.6109375 0.109375 0.01953125 0.03203125
1 0.92578125 0.15703125 0.01640625 0.028125
1 0.8828125 0.6 0.015625 0.0421875
1 0.62109375 0.575 0.015625 0.03203125
1 0.11796875 0.025 0.0328125 0.03671875
1 0.090625 0.24609375 0.01640625 0.025
1 0.4734375 0.05546875 0.0328125 0.04921875
1 0.36640625 0.03828125 0.0140625 0.021875
1 0.475 0.15859375 0.0171875 0.028125
1 0.4859375 0.28671875 0.028125 0.0828125
1 0.56640625 0.2296875 0.0171875 0.028125
1 0.121875 0.52421875 0.02734375 0.03671875
1 0.3734375 0.53828125 0.01484375 0.02265625
1 0.478125 0.55078125 0.03125 0.05703125
1 0.48046875 0.65390625 0.0203125 0.02890625
1 0.49140625 0.78203125 0.01953125 0.06953125
1 0.5859375 0.01640625 0.03125 0.03203125
1 0.09375 0.615625 0.01875 0.03046875
1 0.15234375 0.63203125 0.01484375 0.03046875