1 0.53515625 0.5015625 0.0453125 0.07734375
1 0.66875 0.53515625 0.00625 0.01328125
1 0.609375 0.53359375 0.00703125 0.01171875
1 0.7421875 0.5296875 0.0140625 0.02734375
1 0.81171875 0.54140625 0.0125 0.0234375
1 0.946875 0.571875 0.01171875 0.0234375
1 0.0125 0.50625 0.015625 0.03515625
1 0.05078125 0.45546875 0.01484375 0.025
1 0.1109375 0.50390625 0.01953125 0.03359375
1 0.34296875 0.50546875 0.0046875 0.009375
1 0.69453125 0.52890625 0.00625 0.01171875
1 0.803125 0.55234375 0.0109375 0.01796875
1 0.5703125 0.540625 0.0109375 0.01171875